0.000485404606215417
0.000117912729153227
5.17680720457175e-05
2.89508259688991e-05
1.84694094607710e-05
1.28009292299976e-05
9.39276363098250e-06
7.18492152854226e-06
5.67336955451221e-06
4.59317981173066e-06
3.79459757613011e-06
3.18765271335077e-06
2.71537085640992e-06
2.34086162039852e-06
2.03891377474227e-06
1.79172886070002e-06
1.58697311372705e-06
1.41538248412249e-06
1.27026638622896e-06
1.14627235152053e-06
1.03972518584255e-06
9.47259135855674e-07
8.66608562628373e-07
7.95901877631625e-07
7.33472229556873e-07
6.78114122224188e-07
6.28793343074106e-07
5.84658661156917e-07
5.45023887335603e-07
5.09281169226948e-07
4.76945644715544e-07
4.47593059450410e-07
4.20874502270628e-07
3.96470502918504e-07
3.74137567416344e-07
3.53631850149666e-07
3.34773199320937e-07
3.17379655220046e-07
3.01308159334539e-07
2.86429959003207e-07
2.72624049947225e-07
2.59795046888159e-07
2.47851848597501e-07
2.36711635776603e-07
2.26307720929681e-07
2.16570636040273e-07
2.07453619047965e-07
1.98897360816787e-07
1.90863502096731e-07
1.83300966220426e-07
1.76185897470926e-07
1.69473506690238e-07
1.63137277635469e-07
1.57149004026767e-07
1.51486118713130e-07
1.46124142787070e-07
1.41040315159169e-07
1.36220248848489e-07
1.31640498688033e-07
1.27289048870289e-07
1.23148201772928e-07
1.19207766941735e-07
1.15455068761386e-07
1.11875140608653e-07
1.08456972682767e-07
1.05196202048676e-07
1.02079890709223e-07
9.90987635930710e-08
9.62469431252941e-08
9.35160686357183e-08
9.09010297308985e-08
8.83915186234966e-08
8.59886047729896e-08
8.36799669270559e-08
8.14618340455126e-08
7.93332299714369e-08
7.72855411937057e-08
7.53156555855365e-08
7.34206185961864e-08
7.15976234024499e-08
6.98391295188832e-08
6.81475899943107e-08
6.65158299249844e-08
6.49393651998000e-08
6.34208872058356e-08
6.19560786505251e-08
6.05385526114541e-08
5.91711818884564e-08
5.78478415390342e-08
5.65692564059242e-08
5.53339510424350e-08
5.41362244350562e-08
5.29791079565379e-08
5.18571070928305e-08
5.07711900557508e-08
4.97202292257168e-08
4.86990748856645e-08
4.77108416729828e-08
4.67525387760643e-08
4.58212950157657e-08
4.49182603877025e-08
4.40426052115150e-08
4.31916162316432e-08
4.23645819231935e-08
4.15608178669824e-08
4.07815270461260e-08
4.00223349406232e-08
3.92845103543718e-08
3.85674651905117e-08
3.78688388560047e-08
3.71899112650757e-08
3.65283929248875e-08
3.58838216429425e-08
3.52574823823313e-08
3.46471836384360e-08
3.40525105703071e-08
3.34730625195916e-08
3.29084524095757e-08
3.23566479647203e-08
3.18206178261804e-08
3.12967092926914e-08
3.07846242919978e-08
3.02872830138209e-08
2.97995547156713e-08
2.93259445332373e-08
2.88614180597867e-08
2.84088682308086e-08
2.79664727267682e-08
2.75355250669852e-08
2.71127252709453e-08
2.67008993717999e-08
2.62968081602707e-08
2.59032444925323e-08
2.55185000879995e-08
2.51423789630454e-08
2.47732399646866e-08
2.44123705424649e-08
2.40610208285444e-08
2.37147265061911e-08
2.33776076805936e-08
2.30480696463810e-08
2.27245626194604e-08
2.24069600752033e-08
2.20965093297142e-08
2.17930624147426e-08
2.14964754159630e-08
2.12039236144457e-08
2.09193250866051e-08
2.06385466732321e-08
2.03641429982646e-08
