0.000268601467531373
6.59555520974316e-05
2.90070641545048e-05
1.62306363562476e-05
1.03565085379934e-05
7.17875506082234e-06
5.26750243723106e-06
4.02941666690468e-06
3.18178771738604e-06
2.57610355467388e-06
2.12808164542294e-06
1.78778232135927e-06
1.52290881560516e-06
1.31287269083358e-06
1.14348346371974e-06
1.00487524670276e-06
8.90037481088082e-07
7.93813500563812e-07
7.12402279154406e-07
6.42891258608004e-07
5.83091791073417e-07
5.31258011710364e-07
4.86042058113281e-07
4.46361821395666e-07
4.11355688564944e-07
3.80309781471019e-07
3.52645215314478e-07
3.27893992691118e-07
3.05666276319180e-07
2.85617629655569e-07
2.67486251898310e-07
2.51024567942513e-07
2.36038930207158e-07
2.22352669445255e-07
2.09826220920934e-07
1.98330045786554e-07
1.87748609394224e-07
1.77994117082700e-07
1.68982719105556e-07
1.60638950691010e-07
1.52894709484040e-07
1.45702473851555e-07
1.39000786780565e-07
1.32756201778239e-07
1.26920705198486e-07
1.21459037928224e-07
1.16347338522165e-07
1.11547290074877e-07
1.07039811915415e-07
1.02799456747829e-07
9.88105114549477e-08
9.50432926234598e-08
9.14926959995893e-08
8.81357244069666e-08
8.49582287172137e-08
8.19505941498199e-08
7.91004187690989e-08
7.63961559452738e-08
7.38270418709257e-08
7.13863191085806e-08
6.90644384631066e-08
6.68556495094939e-08
6.47483025809224e-08
6.27407258163284e-08
6.08252786394200e-08
5.89977733416659e-08
5.72483818697598e-08
5.55765598926646e-08
5.39789348236496e-08
5.24466888818816e-08
5.09798388220831e-08
4.95729191635187e-08
4.82234670129871e-08
4.69291526066492e-08
4.56851394085098e-08
4.44920382520224e-08
4.33427401753812e-08
4.22380902776567e-08
4.11763930583838e-08
4.01535712050326e-08
3.91681848892355e-08
3.82188645181554e-08
3.73043065034288e-08
3.64209202017689e-08
3.55676054350674e-08
3.47456076959078e-08
3.39515789607305e-08
3.31845657407635e-08
3.24436574006626e-08
3.17257912559096e-08
3.10323761019001e-08
3.03604697653812e-08
2.97115002088750e-08
2.90826361844340e-08
2.84732427805193e-08
2.78847670294793e-08
2.73124933963378e-08
2.67579394383739e-08
2.62185749940463e-08
2.56978909172868e-08
2.51914248809985e-08
2.47006932856287e-08
2.42233220506940e-08
2.37589257811819e-08
2.33090130682425e-08
2.28713124247366e-08
2.24454814561941e-08
2.20311904494217e-08
2.16299321299397e-08
2.12377632977849e-08
2.08562160115616e-08
2.04867676134950e-08
2.01256043814742e-08
1.97742392231210e-08
1.94307006498440e-08
1.90981884390467e-08
1.87730467529387e-08
1.84550882052989e-08
1.81474481282170e-08
1.78449353857532e-08
1.75523152580500e-08
1.72644921816206e-08
1.69861620080691e-08
1.67123210308651e-08
1.64460187407690e-08
1.61870756452306e-08
1.59322103937164e-08
1.56844106456171e-08
1.54419824204886e-08
1.52063196598550e-08
1.49742548039639e-08
1.47482474144041e-08
1.45272706597531e-08
1.43113591727868e-08
1.41001080557536e-08
1.38934145063756e-08
1.36913227581837e-08
1.34937327720216e-08
1.33002634638643e-08
1.31108265334688e-08
1.29256160819707e-08
1.27441259296037e-08
1.25665540099065e-08
1.23925446277997e-08
1.22222962507360e-08
1.20554612868762e-08
1.18919700747262e-08
1.17317548355352e-08
1.15748820443221e-08
1.14210217495047e-08
