0.000275527644074388
6.79396747509931e-05
2.98680674873448e-05
1.67052077119727e-05
1.06560508739562e-05
7.38496174137647e-06
5.41803472351391e-06
4.14411296649519e-06
3.27211961785207e-06
2.64891720551070e-06
2.18835606444529e-06
1.83826513709302e-06
1.56586537842947e-06
1.34985740236974e-06
1.17567406960911e-06
1.03314233473088e-06
9.15063183495890e-07
8.16122410448323e-07
7.32405002234096e-07
6.60946676091930e-07
5.99451136293046e-07
5.46165167129284e-07
4.99674777705564e-07
4.58883861845584e-07
4.22887476518613e-07
3.90965437691041e-07
3.62526180478724e-07
3.37083791441720e-07
3.14232988439874e-07
2.93622526951722e-07
2.74978311259700e-07
2.58054341143222e-07
2.42646393800381e-07
2.28580076375584e-07
2.15700926625306e-07
2.03882607386803e-07
1.93007106407709e-07
1.82979219407856e-07
1.73713506648633e-07
1.65133072365288e-07
1.57178148524609e-07
1.49780564503662e-07
1.42892258130513e-07
1.36469536521580e-07
1.30472590605160e-07
1.24860783251282e-07
1.19601134255229e-07
1.14667522741157e-07
1.10035960149617e-07
1.05676483927235e-07
1.01573088993472e-07
9.77034119290992e-08
9.40505002704332e-08
9.05986572918414e-08
8.73333278477372e-08
8.42445201416302e-08
8.13125579258871e-08
7.85327306918172e-08
7.58939582375213e-08
7.33826102584427e-08
7.09988897137360e-08
6.87270730033329e-08
6.65618313732190e-08
6.44981691165057e-08
6.25283621549278e-08
6.06481443387064e-08
5.88505590349593e-08
5.71319606916657e-08
5.54860552820370e-08
5.39125463513026e-08
5.24055956402551e-08
5.09596892374208e-08
4.95723184725993e-08
4.82411102793846e-08
4.69638181549125e-08
4.57357174258505e-08
4.45548915443255e-08
4.34195222469706e-08
4.23278833343871e-08
4.12758683300581e-08
4.02644458172214e-08
3.92873178518703e-08
3.83456223053854e-08
3.74380937342357e-08
3.65635262451741e-08
3.57184755333947e-08
3.49019237789913e-08
3.41128994265987e-08
3.33504745862616e-08
3.26137626075781e-08
3.18997473855812e-08
3.12098336669772e-08
3.05432439839146e-08
2.98971347292269e-08
2.92708591525443e-08
2.86637974514292e-08
2.80753553823073e-08
2.75049629564442e-08
2.69520732149532e-08
2.64161610773031e-08
2.58967222582313e-08
2.53913376702598e-08
2.48995979668515e-08
2.44230069202502e-08
2.39611317116900e-08
2.35098327048672e-08
2.30725017252851e-08
2.26469236706404e-08
2.22345854050819e-08
2.18315380804158e-08
2.14393083105551e-08
2.10593681874876e-08
2.06878989247136e-08
2.03264085431644e-08
1.99746367241994e-08
1.96323321256826e-08
1.92975654430981e-08
1.89718172969478e-08
1.86548603291705e-08
1.83448303689147e-08
1.80431864735729e-08
1.77481049942780e-08
1.74610301563868e-08
1.71801769043249e-08
1.69069745357685e-08
1.66396747997848e-08
1.63781382641081e-08
1.61237714706614e-08
1.58733483484309e-08
1.56313315888587e-08
1.53930097416464e-08
1.51612886340439e-08
1.49330520543753e-08
1.47114616872948e-08
1.44943234854573e-08
1.42819745194096e-08
1.40741658810928e-08
1.38709418582860e-08
1.36720615406061e-08
1.34774318486577e-08
1.32869623435953e-08
1.31005651341467e-08
1.29178788057648e-08
1.27391001136592e-08
1.25640121226195e-08
1.23925389963223e-08
1.22244727259859e-08
1.20597442537190e-08
1.18984188097399e-08
1.17402967821713e-08
