0.000276948398237057
6.79298084026413e-05
2.98582011389930e-05
1.67017544900496e-05
1.06556562200222e-05
7.38496174137647e-06
5.41859851484831e-06
4.14485294262158e-06
3.27277737440886e-06
2.64970651337884e-06
2.18889422890085e-06
1.83875845451061e-06
1.56632074835340e-06
1.35032253022061e-06
1.17608187867432e-06
1.03352465572951e-06
9.15411407555368e-07
8.16440326117439e-07
7.32695799869731e-07
6.61203201149079e-07
5.99695445871282e-07
5.46389402319099e-07
4.99880684105951e-07
4.59081188812621e-07
4.23069017328287e-07
3.91132406663150e-07
3.62686965414828e-07
3.37231786666998e-07
3.14369076003349e-07
2.93754078263080e-07
2.75099253594336e-07
2.58171504029900e-07
2.42754026691492e-07
2.28684543593428e-07
2.15796771152152e-07
2.03970308261042e-07
1.93092436988049e-07
1.83062304446609e-07
1.73794461301776e-07
1.65212003152103e-07
1.57245528464573e-07
1.49846340159342e-07
1.42956504119781e-07
1.36532322374728e-07
1.30529596173416e-07
1.24916549568054e-07
1.19655714054622e-07
1.14720965461396e-07
1.10088312202096e-07
1.05727788938664e-07
1.01619518868069e-07
9.77489489214925e-08
9.40951780742907e-08
9.06425077289608e-08
8.73763810041817e-08
8.42832807958697e-08
8.13506385686487e-08
7.85701547717726e-08
7.59274034861717e-08
7.34187868690663e-08
7.10312383968569e-08
6.87588999335002e-08
6.65931531140186e-08
6.45259182212453e-08
6.25556843503637e-08
6.06750525614842e-08
5.88770656424718e-08
5.71580774961265e-08
5.55146533932019e-08
5.39379169613503e-08
5.24306089177668e-08
5.09843551083005e-08
4.95966464548368e-08
4.82651095051054e-08
4.69848663647298e-08
4.57564886855386e-08
4.45779557352779e-08
4.34397609102565e-08
4.23478658120618e-08
4.12956010267618e-08
4.02814987649900e-08
3.93065692632886e-08
3.83646417720878e-08
3.74568867787155e-08
3.65797767012831e-08
3.57345370307117e-08
3.49178006613966e-08
3.41285958898858e-08
3.33659946847927e-08
3.26291102605699e-08
3.19149263830456e-08
3.12248476753387e-08
3.05580965513260e-08
2.99097300675484e-08
2.92833219083572e-08
2.86781858761090e-08
2.80895954727121e-08
2.75190577398040e-08
2.69660256267639e-08
2.64280006953253e-08
2.59084446523128e-08
2.54029451389090e-08
2.49110927416304e-08
2.44343911683485e-08
2.39724075383779e-08
2.35210021558316e-08
2.30835667888573e-08
2.26578862799202e-08
2.22436371008176e-08
2.18423013695269e-08
2.14499746330977e-08
2.10681774270875e-08
2.06983764627864e-08
2.03367941730085e-08
1.99832161575488e-08
1.96408375983997e-08
1.93059982194672e-08
1.89801786091104e-08
1.86631513782056e-08
1.83530523258746e-08
1.80513404804753e-08
1.77561921650582e-08
1.74690515778111e-08
1.71881336368667e-08
1.69148676144500e-08
1.66475052349847e-08
1.63859070423380e-08
1.61299379383813e-08
1.58809966804867e-08
1.56389210875909e-08
1.54005413052738e-08
1.51672682391056e-08
1.49404703614067e-08
1.47183828570342e-08
1.45011933872727e-08
1.42887939072410e-08
1.40809354923707e-08
1.38775194238539e-08
1.36785917855584e-08
1.34839154490032e-08
1.32932600127560e-08
1.31066794908718e-08
1.29240883956366e-08
1.27451295487631e-08
1.25699999754124e-08
1.23983506809679e-08
1.22302448753618e-08
1.20654774020857e-08
1.19041134806007e-08
1.17459534885597e-08
