0.000442249198524327
0.000104879282980403
5.42872796582290e-05
3.09714541113626e-05
1.98187312613731e-05
1.37237616791761e-05
1.00518357008876e-05
7.67503238292152e-06
6.04938705281135e-06
4.89035422408906e-06
4.03443953515654e-06
3.38530855866661e-06
2.88097371874673e-06
2.48152755832950e-06
2.15967787856918e-06
1.89668214129306e-06
1.67902034011569e-06
1.49672504497904e-06
1.34265422624217e-06
1.21119292367585e-06
1.09807758895220e-06
1.00017864065208e-06
9.14824978052305e-07
8.39872903453136e-07
7.73829540855372e-07
7.15279897515818e-07
6.63120926932435e-07
6.16477634591705e-07
5.74588910500352e-07
5.36828013825376e-07
5.02674535062814e-07
4.71679282364418e-07
4.43465450193885e-07
4.17712170546653e-07
3.94135246047253e-07
3.72503982024941e-07
3.52601957450833e-07
3.34256303716670e-07
3.17311882327858e-07
3.01619202290914e-07
2.87062608510940e-07
2.73537460663982e-07
2.60944263410474e-07
2.49201535849315e-07
2.38235039826166e-07
2.27972702961698e-07
2.18365380480525e-07
2.09351579091292e-07
2.00882879525081e-07
1.92918682593831e-07
1.85421573359521e-07
1.78349425457558e-07
1.71678184472901e-07
1.65370960986661e-07
1.59407899498924e-07
1.53759991672251e-07
1.48407188595234e-07
1.43327421850924e-07
1.38506808235963e-07
1.33925812528316e-07
1.29566180504113e-07
1.25417201017382e-07
1.21465710820829e-07
1.17696286136258e-07
1.14100523940038e-07
1.10664550877638e-07
1.07384157390334e-07
1.04246675939019e-07
1.01245892956909e-07
9.83703120248395e-08
9.56174221683992e-08
9.29793706071173e-08
9.04487348498634e-08
8.80184936212441e-08
8.56846311401140e-08
8.34433429822301e-08
8.12884596678939e-08
7.92166579338922e-08
7.72247827835033e-08
7.53049037956659e-08
7.34543544458409e-08
7.16730047102846e-08
6.99559759647818e-08
6.83009710311165e-08
6.67011578461169e-08
6.51592001154585e-08
6.36685665713585e-08
6.22297498775368e-08
6.08387862416580e-08
5.94940805617904e-08
5.81919394221642e-08
5.69331197069783e-08
5.57162239509283e-08
5.45357157092111e-08
5.33925230283956e-08
5.22854797972037e-08
5.12134679914200e-08
5.01734016799910e-08
4.91643128176331e-08
4.81852720808743e-08
4.72353869511323e-08
4.63137999105538e-08
4.54177709471531e-08
4.45484601833868e-08
4.37051042421226e-08
4.28832454025909e-08
4.20859692968373e-08
4.13089388680523e-08
4.05552175740633e-08
3.98205819481569e-08
3.91062938818898e-08
3.84100465034231e-08
3.77331071127891e-08
3.70749676050446e-08
3.64317057751225e-08
3.58063390445796e-08
3.51967220094401e-08
3.46024542537192e-08
3.40231488207928e-08
3.34584316525912e-08
3.29079410566004e-08
3.23697097649216e-08
3.18466473387022e-08
3.13352040962450e-08
3.08351011771397e-08
3.03476346607274e-08
2.98709522936608e-08
2.94063429393696e-08
2.89519961637036e-08
2.85076751379254e-08
2.80746565774347e-08
2.76511887067550e-08
2.72355724353866e-08
2.68305771598679e-08
2.64345051768314e-08
2.60471596489431e-08
2.56683494859442e-08
2.52978891364241e-08
2.49355983885810e-08
2.45798927011860e-08
2.42320314486057e-08
2.38932385298723e-08
2.35591839736387e-08
2.32338800424995e-08
2.29144239377692e-08
2.26006954986315e-08
2.22952625545916e-08
2.19939570827685e-08
2.16993446638159e-08
2.14112914366766e-08
