0.000236595033477899
5.95305860506923e-05
2.61681868553927e-05
1.46214349400573e-05
9.31975265317864e-06
6.45522284835170e-06
4.73387393922836e-06
3.61971655159318e-06
2.85729448270224e-06
2.31267205367888e-06
1.91030442907434e-06
1.60444912506757e-06
1.36661067871404e-06
1.17799970886348e-06
1.02591605675883e-06
9.01488248910579e-07
7.98419731039460e-07
7.12054360554629e-07
6.38986261786631e-07
5.76618996728477e-07
5.22963445260435e-07
4.76454931319509e-07
4.35895270185721e-07
4.00302418506342e-07
3.68890925258486e-07
3.41041715030567e-07
3.16234735692976e-07
2.94031275669156e-07
2.74093961593188e-07
2.56117248083471e-07
2.39854111127034e-07
2.25088404712528e-07
2.11648121160317e-07
1.99375685254042e-07
1.88142806200190e-07
1.77829966433220e-07
1.68341235528028e-07
1.59595973813919e-07
1.51511693024009e-07
1.44028953240633e-07
1.37089300709626e-07
1.30635150439910e-07
1.24628041181465e-07
1.19028523457748e-07
1.13796269368640e-07
1.08898747504623e-07
1.04314591978988e-07
1.00011884460146e-07
9.59693663565186e-08
9.21674797638509e-08
8.85882007311646e-08
8.52148917652484e-08
8.20284478824347e-08
7.90184876892178e-08
7.61682092764547e-08
7.34725819588896e-08
7.09165424519669e-08
6.84928706965154e-08
6.61914916040360e-08
6.40030017585961e-08
6.19186143617013e-08
5.99396575841330e-08
5.80517143979690e-08
5.62505185411124e-08
5.45320662906718e-08
5.28925965736285e-08
5.13256276800238e-08
4.98250591769555e-08
4.83937237131549e-08
4.70201972883517e-08
4.57048165201524e-08
4.44424180205451e-08
4.32335275451635e-08
4.20733092691466e-08
4.09598163045198e-08
3.98886078236356e-08
3.88580363790755e-08
3.78690688408147e-08
3.69151296942587e-08
3.59973719618064e-08
3.51144555910835e-08
3.42626994716973e-08
3.34433547628406e-08
3.26505656530176e-08
3.18880378732515e-08
3.11501267965161e-08
3.04382516970407e-08
2.97492826327934e-08
2.90846646471599e-08
2.84435860375201e-08
2.78209339240709e-08
2.72203971594809e-08
2.66370187547109e-08
2.60723503255861e-08
2.55278781567393e-08
2.49988601365566e-08
2.44848183016775e-08
2.39873077379297e-08
2.35058274977032e-08
2.30379234016220e-08
2.25851459302267e-08
2.21431810265747e-08
2.17155453531016e-08
2.12999281919460e-08
2.08959861570417e-08
2.05033888202872e-08
2.01218181060335e-08
1.97509677192112e-08
1.93905426049367e-08
1.90402584375952e-08
1.86980634171160e-08
1.83655027178424e-08
1.80423205613355e-08
1.77265392055307e-08
1.74196814727319e-08
1.71215165795854e-08
1.68294604553835e-08
1.65455317336035e-08
1.62685305958630e-08
1.59984482917003e-08
1.57351132797869e-08
1.54781978996849e-08
1.52275455750085e-08
1.49830047802232e-08
1.47441131154644e-08
1.45110492950443e-08
1.42833649022193e-08
1.40610880183481e-08
1.38439399207675e-08
1.36318022528708e-08
1.34244096407209e-08
1.32218037322682e-08
1.30237281906122e-08
1.28300815896303e-08
1.26406193402952e-08
1.24553942340902e-08
1.22743134868593e-08
1.20970010227305e-08
1.19235174736995e-08
1.17537807915856e-08
1.15877112558161e-08
1.14250924288154e-08
1.12658519180918e-08
1.11099193420563e-08
1.09572262606808e-08
1.08075709535496e-08
1.06610256613021e-08
1.05173940140642e-08
1.03767497820484e-08
1.02389016656391e-08
